        0
        0
        0
        0
        0
  1762546
  3469850
  4997088
  6309717
  7336565
  8027397
  8360900
  8315718
  7893900
  7114549
  6003985
  4639040
  3066984
  1332599
  -424461
 -2187700
 -3840416
 -5331617
 -6573351
 -7532975
 -8143427
 -8384660
 -8246887
 -7735208
 -6873185
 -5709295
 -4290512
 -2667981
  -924611
   847835
  2594670
  4212864
  5652487
  6836098
  7710086
  8232405
  8386674
  8158629
  7561062
  6621038
  5390998
  3908894
  2249748
   501551
 -1269037
 -2994993
 -4574518
 -5958876
 -7073343
 -7862970
 -8303390
 -8366815
 -8049469
 -7367545
 -6351928
 -5058889
 -3528325
 -1850508
   -77207
  1674381
  3375867
  4924452
  6249998
  7286099
  8000787
  8353102
  8325522
  7923920
  7155152
  6075425
  4713820
  3138716
  1421452
  -334478
 -2100617
 -3771613
 -5271785
 -6525107
 -7492909
 -8121339
 -8381414
 -8262898
 -7769615
 -6931683
 -5774959
 -4356674
 -2741065
 -1001308
   758174
  2508863
  4145921
  5595201
  6783500
  7674153
  8217227
  8387976
  8179105
  7599637
  6683748
  5459698
  3988366
  2336392
   578599
 -1179927
 -2910683
 -4509607
 -5904282
 -7024513
 -7831133
 -8290105
 -8372822
 -8074358
 -7410189
 -6410396
 -5130449
 -3609840
 -1938256
  -167272
  1598657
  3305045
  4861740
  6198236
  7241042
  7973255
  8344342
  8336068
  7948924
  7201756
  6128405
  4777484
  3222066
  1510142
  -257319
 -2013291
 -3679380
 -5191315
 -6468124
 -7446061
 -8098316
 -8377862
 -8277957
 -7803125
 -6974873
 -5830713
 -4433396
 -2826037
 -1090680
   681251
  2422768
  4067378
  5518082
  6730120
  7637335
  8195906
  8388598
  8198639
  7637335
  6730120
  5518082
  4067378
  2435084
   681251
 -1090680
 -2826037
 -4422467
 -5839957
 -6974873
 -7803125
 -8277957
 -8377201
 -8098316
 -7451978
 -6476311
 -5201417
 -3690939
 -2025781
  -244457
  1510142
  3222066
  4788056
  6128405
  7201756
  7948924
  8336068
  8345653
  7977245
  7247530
  6189558
  4851248
  3305045
  1598657
  -167272
 -1925734
 -3609840
 -5130449
 -6410396
 -7410189
 -8074358
 -8372822
 -8292062
 -7835736
 -7024513
 -5895134
 -4509607
 -2910683
 -1179927
   578599
  2336392
  3988366
  5449922
  6675964
  7599637
  8179105
  8387976
  8217227
  7674153
  6783500
  5585607
  4145921
  2508863
   770988
 -1001308
 -2741065
 -4345672
 -5765619
 -6924428
 -7769615
 -8260669
 -8381937
 -8121339
 -7498685
 -6533186
 -5271785
 -3771613
 -2100617
  -347336
  1421452
  3138716
  4713820
  6075425
  7161860
  7919687
  8325522
  8354275
  8004645
  7292468
  6249998
  4934863
  3387643
  1686988
   -77207
 -1850508
 -3528325
 -5058889
 -6360326
 -7373689
 -8049469
 -8365879
 -8305210
 -7867444
 -7073343
 -5967926
 -4585298
 -2994993
 -1281756
   488706
  2249748
  3897504
  5381133
  6621038
  7561062
  8158629
  8386674
  8234867
  7710086
  6843547
  5652487
  4212864
  2594670
   847835
  -924611
 -2655778
 -4279449
 -5709295
 -6873185
 -7735208
 -8244522
 -8385045
 -8143427
 -7532975
 -6581338
 -5331617
 -3851852
 -2187700
  -424461
  1332599
  3055003
  4628314
  6003985
  7107723
  7893900
  8314016
  8361935
  8031123
  7336565
  6318189
  4997088
  3458130
  1775124
    12868
 -1749963
 -3446402
 -4986746
 -6301230
 -7330317
 -8023653
 -8359845
 -8315718
 -7898244
 -7121358
 -6021930
 -4660461
 -3078958
 -1358001
   411609
  2175274
  3828972
  5321677
  6565349
  7521616
  8137212
  8383832
  8249232
  7745130
  6887907
  5718716
  4301564
  2667981
   950186
  -822227
 -2582430
 -4201731
 -5642973
 -6821150
 -7705007
 -8229924
 -8386940
 -8161612
 -7566626
 -6636809
 -5400850
 -3931647
 -2274530
  -514396
  1243592
  2970939
  4563726
  5940734
  7066417
  7862970
  8301551
  8367733
  8053082
  7373689
  6368708
  5069148
  3539995
  1850508
    90074
 -1674381
 -3375867
 -4914029
 -6241407
 -7279714
 -7996911
 -8351910
 -8328633
 -7928134
 -7168552
 -6093142
 -4735086
 -3150645
 -1446809
   321620
  2088156
  3760115
  5251742
  6517013
  7487114
  8118108
  8380871
  8265108
  7774457
  6938923
  5784285
  4367665
  2753224
  1026855
  -745358
 -2484294
 -4123529
 -5576000
 -6768328
 -7663724
 -8212012
 -8388253
 -8184783
 -7605076
 -6683748
 -5479211
 -4010988
 -2348749
  -604270
  1167185
  2886532
  4487885
  5885972
  7017471
  7831133
  8288129
  8373601
  8081298
  7422216
  6426965
  5150786
  3633054
  1950773
   193002
 -1573385
 -3281375
 -4840744
 -6172158
 -7234536
 -7969247
 -8343012
 -8337496
 -7953026
 -7208346
 -6145949
 -4798616
 -3245813
 -1535450
   231594
  2000797
  3667811
  5191315
  6459923
  7446061
  8094950
  8376521
  8280031
  7812535
  6989138
  5849188
  4455223
  2850255
  1116193
  -642768
 -2398117
 -4044851
 -5508384
 -6714726
 -7626654
 -8195906
 -8388569
 -8201352
 -7642649
 -6745451
 -5537440
 -4089867
 -2447395
  -694076
  1077920
  2801792
  4422467
  5821455
  6967715
  7798393
  8273752
  8378504
  8104989
  7463760
  6476311
  5221584
  3714033
  2038265
   270180
 -1484819
 -3198289
 -4766902
 -6119611
 -7195149
 -7940664
 -8334620
 -8346943
 -7981215
 -7260455
 -6206900
 -4872221
 -3316868
 -1623914
   141541
  1900676
  3586592
  5110063
  6402088
  7404149
  8067342
  8371204
  8295916
  7844888
  7038547
  5913416
  4520452
  2934806
  1205401
  -565761
 -2324031
 -3977041
 -5449922
 -6668164
 -7588705
 -8173351
 -8387809
 -8222364
 -7679340
 -6791062
 -5604782
 -4157103
 -2521139
  -783801
   988531
  2716729
  4345672
  5765619
  6917156
  7764754
  8258421
  8382440
  8127746
  7504444
  6541250
  5281788
  3783103
  2113072
   360192
 -1408769
 -3126779
 -4703170
 -6066545
 -7148427
 -7915436
 -8322332
 -8355429
 -8008485
 -7298819
 -6258573
 -4945263
 -3399411
 -1699591
    51472
  1825397
  3516646
  5048619
  6343516
  7361383
  8042188
  8364922
  8305210
  7871899
  7080253
  5967926
  4596068
  3007009
  1281756
  -475859
 -2237349
 -3897504
 -5381133
 -6613129
 -7555480
 -8155627
 -8386387
 -8237310
 -7715147
 -6843547
 -5661989
 -4235099
 -2606904
  -860637
   911820
  2643569
  4268377
  5699860
  6865800
  7730220
  8244522
  8385045
  8146506
  7538628
  6597264
  5341546
  3863279
  2200120
   450162
 -1319893
 -3031021
 -4617576
 -5994992
 -7100881
 -7880755
 -8310552
 -8362950
 -8034830
 -7342795
 -6318189
 -5017736
 -3481561
 -1800269
   -25736
  1749963
  3434666
  4966028
  6284212
  7317769
  8016106
  8358770
  8319064
  7902570
  7134926
  6039819
  4671155
  3090924
  1370698
  -398757
 -2162844
 -3806055
 -5301757
 -6557332
 -7515910
 -8134076
 -8383388
 -8253865
 -7754978
 -6902564
 -5737518
 -4301564
 -2692368
  -950186
   809420
  2557932
  4190589
  5633445
  6813652
  7694795
  8227423
  8387187
  8167520
  7583212
  6652518
  5420517
  3943009
  2299292
   540081
 -1230864
 -2958902
 -4542111
 -5931642
 -7052516
 -7853966
 -8299692
 -8369508
 -8060250
 -7385925
 -6385428
 -5079395
 -3563310
 -1875601
  -102941
  1661770
  3352291
  4903594
  6224183
  7273311
  7993015
  8349466
  8330159
  7928134
  7175227
  6093142
  4745702
  3174482
  1472152
  -295902
 -2063221
 -3737091
 -5241701
 -6508903
 -7475472
 -8111587
 -8380309
 -8269469
 -7784086
 -6953352
 -5802897
 -4389617
 -2777521
 -1052393
   719720
  2472000
  4112318
  5556746
  6760718
  7658482
  8209376
  8388361
  8187592
  7615901
  6707005
  5488948
  4022285
  2385783
   629937
 -1141694
 -2886532
 -4477008
 -5867608
 -7003337
 -7821871
 -8284119
 -8375100
 -8084740
 -7428203
 -6443475
 -5160937
 -3644649
 -1963286
  -193002
  1573385
  3269529
  4830229
  6172158
  7228014
  7965220
  8341663
  8338904
  7957109
  7221475
  6154700
  4809165
  3257674
  1548099
  -205867
 -1988298
 -3667811
 -5160937
 -6443475
 -7434173
 -8088162
 -8375820
 -8282085
 -7817212
 -6996246
 -5867608
 -4466121
 -2862354
 -1128945
   642768
  2398117
  4033573
  5488948
  6707005
  7621286
  8190383
  8388519
  8204046
  7653222
  6760718
  5556746
  4101097
  2459701
   719720
 -1065158
 -2801792
 -4400577
 -5812183
 -6960542
 -7788874
 -8271620
 -8379125
 -8108297
 -7469625
 -6492637
 -5231649
 -3725567
 -2050745
  -283041
  1484819
  3186389
  4756308
  6110802
  7188525
  7936506
  8331666
  8349466
  7989101
  7266891
  6215549
  4893148
  3340491
  1636536
  -115808
 -1888141
 -3586592
 -5099852
 -6393766
 -7398092
 -8063805
 -8370366
 -8295916
 -7849436
 -7045540
 -5922536
 -4542111
 -2946857
 -1218134
   552921
  2299292
  3954362
  5430332
  6652518
  7588705
  8170445
  8387621
  8222364
  7684510
  6806138
  5614349
  4168275
  2545674
   796612
  -975751
 -2716729
 -4323639
 -5746898
 -6902564
 -7754978
 -8256153
 -8382924
 -8127746
 -7510186
 -6549299
 -5291779
 -3794583
 -2137968
  -373048
  1396082
  3102883
  4681838
  6048742
  7141685
  7906877
  8320708
  8356562
  8012305
  7311470
  6275680
  4955652
  3422923
  1724785
   -38604
 -1800269
 -3493264
 -5028042
 -6335088
 -7349009
 -8038518
 -8363946
 -8308791
 -7876337
 -7094021
 -5985984
 -4606828
 -3019018
 -1294471
   463011
  2224944
  3874696
  5361364
  6597264
  7544263
  8149565
  8385410
  8242137
  7725214
  6858399
  5680951
  4257294
  2631353
   886233
  -873436
 -2619132
 -4246201
 -5680951
 -6850981
 -7720189
 -8239733
 -8385756
 -8149565
 -7549881
 -6605205
 -5361364
 -3874696
 -2224944
  -463011
  1294471
  3019018
  4606828
  5985984
  7087145
  7876337
  8308791
  8364922
  8038518
  7355205
  6335088
  5028042
  3493264
  1812835
    38604
 -1712190
 -3411171
 -4955652
 -6267134
 -7305153
 -8012305
 -8356562
 -8320708
 -7911166
 -7141685
 -6048742
 -4681838
 -3102883
 -1396082
   373048
  2137968
  3806055
  5301757
  6549299
  7510186
  8130920
  8383388
  8258421
  7759875
  6909868
  5746898
  4323639
  2704552
   962970
  -796612
 -2533410
 -4168275
 -5614349
 -6806138
 -7689661
 -8224903
 -8387621
 -8173351
 -7588705
 -6652518
 -5430332
 -3954362
 -2299292
  -552921
  1218134
  2946857
  4542111
  5922536
  7038547
  7849436
  8297814
  8370366
  8063805
  7392017
  6385428
  5099852
  3586592
  1900676
   115808
 -1636536
 -3340491
 -4882690
 -6215549
 -7266891
 -7989101
 -8348215
 -8331666
 -7936506
 -7181884
 -6110802
 -4756308
 -3198289
 -1484819
   283041
  2050745
  3714033
  5221584
  6492637
  7469625
  8108297
  8379125
  8271620
  7788874
  6953352
  5802897
  4400577
  2801792
  1065158
  -706899
 -2447395
 -4089867
 -5547100
 -6753092
 -7653222
 -8206721
 -8388450
 -8190383
 -7621286
 -6714726
 -5498673
 -4033573
 -2385783
  -642768
  1128945
  2862354
  4455223
  5858405
  6996246
  7812535
  8284119
  8375820
  8088162
  7434173
  6443475
  5171075
  3656234
  1975795
   218731
 -1548099
 -3257674
 -4809165
 -6154700
 -7221475
 -7957109
 -8338904
 -8341663
 -7969247
 -7228014
 -6163436
 -4830229
 -3269529
 -1560744
   205867
  1963286
  3633054
  5150786
  6435228
  7428203
  8081298
  8374360
  8286134
  7826511
  7010412
  5876797
  4477008
  2874446
  1141694
  -617104
 -2373444
 -4022285
 -5488948
 -6699268
 -7615901
 -8187592
 -8388361
 -8209376
 -7658482
 -6760718
 -5556746
 -4112318
 -2484294
  -732540
  1052393
  2777521
  4389617
  5802897
  6946145
  7784086
  8269469
  8380309
  8111587
  7475472
  6500778
  5231649
  3737091
  2063221
   308761
 -1459483
 -3174482
 -4735086
 -6101979
 -7181884
 -7932329
 -8330159
 -8349466
 -7993015
 -7273311
 -6232802
 -4903594
 -3352291
 -1649155
   115808
  1875601
  3563310
  5089630
  6385428
  7385925
  8060250
  8369508
  8299692
  7853966
  7052516
  5931642
  4552924
  2958902
  1230864
  -540081
 -2299292
 -3943009
 -5420517
 -6652518
 -7577701
 -8167520
 -8387187
 -8227423
 -7694795
 -6821150
 -5633445
 -4190589
 -2557932
  -809420
   962970
  2692368
  4312606
  5737518
  6895244
  7750063
  8251558
  8383832
  8134076
  7515910
  6565349
  5301757
  3817518
  2150409
   385903
 -1383392
 -3090924
 -4671155
 -6039819
 -7128151
 -7898244
 -8317401
 -8357676
 -8016106
 -7317769
 -6284212
 -4966028
 -3434666
 -1737376
    25736
  1800269
  3481561
  5017736
  6318189
  7342795
  8034830
  8362950
  8312294
  7885155
  7107723
  6003985
  4628314
  3043016
  1319893
  -450162
 -2212535
 -3863279
 -5341546
 -6589309
 -7538628
 -8146506
 -8385045
 -8244522
 -7725214
 -6865800
 -5690413
 -4257294
 -2643569
  -899027
   873436
  2606904
  4235099
  5661989
  6843547
  7715147
  8234867
  8386387
  8155627
  7555480
  6613129
  5371255
  3886105
  2237349
   475859
 -1294471
 -3007009
 -4596068
 -5976962
 -7087145
 -7871899
 -8307010
 -8364922
 -8045838
 -7361383
 -6343516
 -5048619
 -3504959
 -1825397
   -64339
  1712190
  3411171
  4945263
  6267134
  7298819
  8008485
  8355429
  8323937
  7915436
  7148427
  6057650
  4692509
  3114834
  1408769
  -360192
 -2125523
 -3783103
 -5281788
 -6541250
 -7498685
 -8124552
 -8382440
 -8258421
 -7759875
 -6917156
 -5756265
 -4345672
 -2728901
  -988531
   783801
  2533410
  4168275
  5604782
  6791062
  7679340
  8219805
  8387809
  8173351
  7588705
  6668164
  5440133
  3965706
  2324031
   565761
 -1205401
 -2934806
 -4520452
 -5913416
 -7038547
 -7840321
 -8293999
 -8372023
 -8070859
 -7398092
 -6402088
 -5120262
 -3598220
 -1913207
  -154407
  1623914
  3328683
  4872221
  6198236
  7254001
  7981215
  8346943
  8334620
  7944803
  7195149
  6119611
  4777484
  3210181
  1497482
  -257319
 -2038265
 -3714033
 -5211506
 -6484482
 -7463760
 -8104989
 -8378504
 -8275864
 -7798393
 -6967715
 -5821455
 -4411527
 -2813918
 -1077920
   681251
  2435084
  4089867
  5537440
  6745451
  7642649
  8201352
  8388569
  8195906
  7632003
  6722431
  5508384
  4044851
  2398117
   655597
 -1116193
 -2838149
 -4444315
 -5849188
 -6982013
 -7807839
 -8282085
 -8376521
 -8094950
 -7446061
 -6459923
 -5191315
 -3679380
 -2000797
  -231594
  1522798
  3245813
  4809165
  6145949
  7214919
  7957109
  8338904
  8344342
  7973255
  7241042
  6180865
  4840744
  3281375
  1573385
  -180138
 -1950773
 -3633054
 -5150786
 -6426965
 -7422216
 -8077837
 -8373601
 -8288129
 -7831133
 -7017471
 -5885972
 -4498752
 -2898611
 -1167185
   604270
  2361099
  4010988
  5469461
  6691516
  7610497
  8181954
  8388253
  8212012
  7668947
  6775922
  5576000
  4134730
  2484294
   745358
 -1026855
 -2765376
 -4378646
 -5784285
 -6931683
 -7774457
 -8265108
 -8380871
 -8118108
 -7487114
 -6517013
 -5251742
 -3748608
 -2075691
  -321620
  1446809
  3150645
  4724459
  6084291
  7168552
  7923920
  8327087
  8351910
  7996911
  7279714
  6241407
  4924452
  3375867
  1674381
   -90074
 -1863056
 -3551657
 -5079395
 -6368708
 -7379816
 -8056675
 -8367733
 -8301551
 -7858477
 -7066417
 -5949812
 -4563726
 -2970939
 -1256316
   514396
  2274530
  3931647
  5410690
  6636809
  7566626
  8161612
  8386940
  8229924
  7705007
  6821150
  5633445
  4201731
  2582430
   835032
  -937399
 -2680177
 -4301564
 -5728124
 -6887907
 -7740178
 -8249232
 -8384256
 -8137212
 -7521616
 -6565349
 -5321677
 -3828972
 -2175274
  -411609
  1358001
  3078958
  4660461
  6030882
  7121358
  7898244
  8315718
  8359845
  8023653
  7330317
  6301230
  4986746
  3458130
  1762546
        0
 -1775124
 -3458130
 -4997088
 -6318189
 -7336565
 -8031123
 -8361935
 -8312294
 -7889537
 -7107723
 -6003985
 -4639040
 -3055003
 -1332599
   424461
  2175274
  3851852
  5341546
  6589309
  7532975
  8143427
  8385045
  8246887
  7735208
  6880554
  5709295
  4279449
  2667981
   924611
  -860637
 -2594670
 -4223986
 -5661989
 -6843547
 -7705007
 -8232405
 -8386387
 -8158629
 -7561062
 -6621038
 -5390998
 -3908894
 -2249748
  -488706
  1269037
  2982969
  4574518
  5958876
  7073343
  7867444
  8305210
  8365879
  8049469
  7373689
  6360326
  5058889
  3528325
  1850508
    77207
 -1686988
 -3375867
 -4934863
 -6249998
 -7292468
 -8004645
 -8354275
 -8325522
 -7919687
 -7155152
 -6066545
 -4703170
 -3138716
 -1421452
   334478
  2100617
  3771613
  5261770
  6525107
  7492909
  8121339
  8381414
  8262898
  7769615
  6924428
  5765619
  4345672
  2753224
  1014083
  -758174
 -2508863
 -4134730
 -5595201
 -6783500
 -7674153
 -8217227
 -8387976
 -8179105
 -7605076
 -6683748
 -5459698
 -3988366
 -2336392
  -578599
  1192665
  2910683
  4509607
  5895134
  7024513
  7835736
  8292062
  8372023
  8074358
  7410189
  6418688
  5130449
  3609840
  1925734
   154407
 -1598657
 -3305045
 -4861740
 -6198236
 -7254001
 -7977245
 -8344342
 -8336068
 -7948924
 -7201756
 -6128405
 -4788056
 -3222066
 -1522798
   244457
  2013291
  3690939
  5201417
  6476311
  7457878
  8098316
  8377862
  8275864
  7798393
  6974873
  5839957
  4433396
  2826037
  1103438
  -668425
 -2422768
 -4067378
 -5527768
 -6737793
 -7637335
 -8198639
 -8388598
 -8195906
 -7637335
 -6730120
 -5518082
 -4056119
 -2435084
  -668425
  1090680
  2826037
  4433396
  5839957
  6982013
  7803125
  8277957
  8377862
  8098316
  7451978
  6476311
  5201417
  3690939
  2025781
   257319
 -1510142
 -3222066
 -4788056
 -6137184
 -7201756
 -7948924
 -8336068
 -8344342
 -7973255
 -7247530
 -6189558
 -4861740
 -3305045
 -1598657
   154407
  1925734
  3609840
  5130449
  6410396
  7410189
  8074358
  8372822
  8292062
  7835736
  7024513
  5904282
  4498752
  2910683
  1179927
  -591435
 -2348749
 -3988366
 -5459698
 -6683748
 -7599637
 -8179105
 -8387976
 -8217227
 -7674153
 -6791062
 -5595201
 -4145921
 -2508863
  -758174
  1014083
  2753224
  4356674
  5774959
  6931683
  7774457
  8262898
  8381414
  8118108
  7492909
  6525107
  5271785
  3760115
  2088156
   347336
 -1421452
 -3138716
 -4713820
 -6075425
 -7161860
 -7923920
 -8325522
 -8354275
 -8004645
 -7292468
 -6258573
 -4934863
 -3387643
 -1686988
    64339
  1850508
  3539995
  5048619
  6351928
  7367545
  8049469
  8366815
  8305210
  7867444
  7073343
  5958876
  4574518
  2994993
  1269037
  -488706
 -2249748
 -3908894
 -5390998
 -6628932
 -7561062
 -8158629
 -8386674
 -8234867
 -7710086
 -6836098
 -5652487
 -4212864
 -2594670
  -847835
   911820
  2655778
  4279449
  5709295
  6880554
  7740178
  8246887
  8384660
  8140329
  7527304
  6581338
  5331617
  3840416
  2175274
   437312
 -1345302
 -3055003
 -4639040
 -6003985
 -7107723
 -7889537
 -8314016
 -8360900
 -8027397
 -7336565
 -6309717
 -5007418
 -3469850
 -1775124
        0
  1749963
  3446402
  4986746
  6301230
  7324052
  8023653
  8359845
  8315718
  7893900
  7121358
  6021930
  4660461
  3078958
  1358001
  -411609
 -2175274
 -3840416
 -5331617
 -6573351
 -7521616
 -8140329
 -8384256
 -8251558
 -7745130
 -6887907
 -5718716
 -4290512
 -2680177
  -924611
   835032
  2582430
  4201731
  5642973
  6821150
  7705007
  8232405
  8386940
  8161612
  7566626
  6628932
  5410690
  3920275
  2262142
   514396
 -1256316
 -2982969
 -4563726
 -5949812
 -7059475
 -7862970
 -8303390
 -8367733
 -8053082
 -7373689
 -6368708
 -5069148
 -3539995
 -1850508
   -90074
  1674381
  3364083
  4914029
  6241407
  7279714
  8000787
  8353102
  8327087
  7923920
  7161860
  6084291
  4724459
  3162567
  1446809
  -321620
 -2075691
 -3748608
 -5261770
 -6517013
 -7487114
 -8114857
 -8380871
 -8265108
 -7779281
 -6938923
 -5784285
 -4378646
 -2765376
 -1026855
   745358
  2496582
  4123529
  5576000
  6775922
  7663724
  8212012
  8388124
  8184783
  7610497
  6683748
  5469461
  4010988
  2361099
   591435
 -1167185
 -2898611
 -4498752
 -5895134
 -7017471
 -7831133
 -8290105
 -8373601
 -8081298
 -7422216
 -6418688
 -5140624
 -3621451
 -1938256
  -167272
  1586023
  3293214
  4851248
  6189558
  7241042
  7973255
  8343012
  8337496
  7957109
  7208346
  6137184
  4798616
  3233943
  1522798
  -231594
 -1988298
 -3667811
 -5181201
 -6468124
 -7446061
 -8094950
 -8376521
 -8280031
 -7807839
 -6982013
 -5849188
 -4444315
 -2838149
 -1116193
   655597
  2410445
  4056119
  5518082
  6722431
  7632003
  8195906
  8388569
  8201352
  7647945
  6745451
  5537440
  4078627
  2435084
   694076
 -1077920
 -2813918
 -4422467
 -5830713
 -6967715
 -7798393
 -8273752
 -8378504
 -8104989
 -7463760
 -6484482
 -5201417
 -3702491
 -2025781
  -270180
  1497482
  3198289
  4766902
  6119611
  7195149
  7944803
  8334620
  8345653
  7981215
  7254001
  6206900
  4872221
  3328683
  1623914
  -141541
 -1913207
 -3598220
 -5120262
 -6410396
 -7404149
 -8070859
 -8372023
 -8293999
 -7840321
 -7031538
 -5913416
 -4520452
 -2922748
 -1192665
   578599
  2324031
  3977041
  5449922
  6675964
  7594180
  8173351
  8387809
  8219805
  7684510
  6798608
  5604782
  4145921
  2521139
   770988
 -1001308
 -2728901
 -4345672
 -5765619
 -6917156
 -7759875
 -8258421
 -8382440
 -8124552
 -7504444
 -6541250
 -5281788
 -3783103
 -2113072
  -347336
  1408769
  3126779
  4692509
  6057650
  7148427
  7915436
  8322332
  8355429
  8004645
  7298819
  6258573
  4934863
  3399411
  1699591
   -64339
 -1825397
 -3516646
 -5038336
 -6343516
 -7361383
 -8045838
 -8364922
 -8307010
 -7871899
 -7087145
 -5976962
 -4596068
 -3007009
 -1281756
   488706
  2249748
  3897504
  5381133
  6613129
  7555480
  8155627
  8386082
  8237310
  7720189
  6850981
  5671477
  4235099
  2606904
   860637
  -911820
 -2643569
 -4268377
 -5699860
 -6865800
 -7730220
 -8242137
 -8385410
 -8146506
 -7538628
 -6597264
 -5351461
 -3851852
 -2200120
  -437312
  1332599
  3055003
  4628314
  5994992
  7107723
  7885155
  8310552
  8362950
  8031123
  7342795
  6318189
  5017736
  3481561
  1800269
    25736
 -1737376
 -3434666
 -4966028
 -6284212
 -7317769
 -8019889
 -8358770
 -8317401
 -7902570
 -7128151
 -6030882
 -4660461
 -3090924
 -1383392
   385903
  2150409
  3817518
  5311723
  6565349
  7515910
  8130920
  8383388
  8253865
  7750063
  6895244
  5737518
  4301564
  2692368
   950186
  -809420
 -2557932
 -4190589
 -5633445
 -6813652
 -7699910
 -8224903
 -8387414
 -8167520
 -7577701
 -6644672
 -5410690
 -3943009
 -2286914
  -527239
  1243592
  2970939
  4552924
  5940734
  7059475
  7853966
  8299692
  8368630
  8060250
  7385925
  6385428
  5089630
  3551657
  1875601
   102941
 -1661770
 -3364083
 -4903594
 -6232802
 -7279714
 -7993015
 -8350698
 -8330159
 -7932329
 -7175227
 -6093142
 -4735086
 -3162567
 -1459483
   308761
  2075691
  3748608
  5241701
  6508903
  7481302
  8111587
  8380309
  8267298
  7779281
  6946145
  5793598
  4389617
  2777521
  1039625
  -732540
 -2484294
 -4123529
 -5566380
 -6768328
 -7658482
 -8209376
 -8388450
 -8187592
 -7610497
 -6699268
 -5488948
 -4022285
 -2373444
  -617104
  1154441
  2886532
  4477008
  5876797
  7003337
  7821871
  8286134
  8375100
  8081298
  7422216
  6435228
  5150786
  3633054
  1963286
   193002
 -1573385
 -3269529
 -4830229
 -6163436
 -7228014
 -7965220
 -8341663
 -8340293
 -7961174
 -7221475
 -6154700
 -4809165
 -3257674
 -1548099
   218731
  1988298
  3667811
  5171075
  6443475
  7434173
  8088162
  8375820
  8282085
  7812535
  6996246
  5858405
  4455223
  2862354
  1128945
  -642768
 -2398117
 -4044851
 -5498673
 -6714726
 -7626654
 -8193154
 -8388519
 -8206721
 -7653222
 -6753092
 -5547100
 -4101097
 -2459701
  -706899
  1065158
  2789660
  4411527
  5812183
  6960542
  7788874
  8271620
  8379125
  8108297
  7469625
  6492637
  5221584
  3714033
  2038265
   283041
 -1484819
 -3186389
 -4756308
 -6110802
 -7188525
 -7940664
 -8333153
 -8348215
 -7985167
 -7260455
 -6215549
 -4893148
 -3340491
 -1636536
   128675
  1900676
  3586592
  5099852
  6393766
  7392017
  8063805
  8370366
  8295916
  7849436
  7045540
  5922536
  4531287
  2946857
  1218134
  -552921
 -2311664
 -3965706
 -5430332
 -6652518
 -7583212
 -8170445
 -8387621
 -8222364
 -7689661
 -6806138
 -5614349
 -4168275
 -2533410
  -796612
   975751
  2716729
  4323639
  5746898
  6902564
  7759875
  8256153
  8382924
  8127746
  7504444
  6541250
  5291779
  3806055
  2137968
   360192
 -1383392
 -3102883
 -4681838
 -6048742
 -7141685
 -7911166
 -8320708
 -8356562
 -8012305
 -7311470
 -6275680
 -4955652
 -3411171
 -1712190
    38604
  1812835
  3504959
  5038336
  6335088
  7355205
  8042188
  8363946
  8308791
  7880755
  7094021
  5985984
  4606828
  3031021
  1307183
  -463011
 -2224944
 -3874696
 -5361364
 -6605205
 -7544263
 -8149565
 -8385756
 -8239733
 -7720189
 -6850981
 -5680951
 -4246201
 -2631353
  -873436
   886233
  2619132
  4246201
  5680951
  6858399
  7720189
  8242137
  8385756
  8149565
  7549881
  6605205
  5361364
  3874696
  2212535
   450162
 -1307183
 -3031021
 -4606828
 -5985984
 -7094021
 -7876337
 -8308791
 -8362950
 -8038518
 -7355205
 -6335088
 -5028042
 -3493264
 -1800269
   -38604
  1724785
  3411171
  4966028
  6275680
  7311470
  8012305
  8357676
  8319064
  7906877
  7134926
  6048742
  4681838
  3114834
  1396082
  -373048
 -2137968
 -3806055
 -5301757
 -6557332
 -7510186
 -8127746
 -8382924
 -8256153
 -7759875
 -6902564
 -5746898
 -4323639
 -2704552
  -975751
   796612
  2545674
  4168275
  5614349
  6806138
  7684510
  8222364
  8387621
  8170445
  7583212
  6652518
  5420517
  3954362
  2311664
   552921
 -1218134
 -2946857
 -4542111
 -5922536
 -7045540
 -7849436
 -8295916
 -8370366
 -8063805
 -7392017
 -6393766
 -5099852
 -3574955
 -1888141
  -115808
  1636536
  3328683
  4882690
  6215549
  7266891
  7989101
  8349466
  8331666
  7936506
  7181884
  6101979
  4756308
  3186389
  1484819
  -283041
 -2050745
 -3725567
 -5221584
 -6492637
 -7469625
 -8108297
 -8379125
 -8269469
 -7788874
 -6960542
 -5812183
 -4400577
 -2801792
 -1065158
   706899
  2459701
  4089867
  5556746
  6760718
  7653222
  8206721
  8388450
  8190383
  7621286
  6707005
  5498673
  4033573
  2385783
   629937
 -1128945
 -2862354
 -4466121
 -5867608
 -7003337
 -7817212
 -8284119
 -8375100
 -8088162
 -7434173
 -6451706
 -5160937
 -3644649
 -1975795
  -218731
  1548099
  3257674
  4809165
  6154700
  7228014
  7961174
  8338904
  8341663
  7965220
  7234536
  6163436
  4819703
  3269529
  1560744
  -205867
 -1963286
 -3644649
 -5150786
 -6443475
 -7428203
 -8084740
 -8374360
 -8286134
 -7821871
 -7003337
 -5867608
 -4477008
 -2874446
 -1154441
   629937
  2385783
  4022285
  5488948
  6699268
  7615901
  8187592
  8388450
  8209376
  7658482
  6760718
  5556746
  4101097
  2472000
   719720
 -1052393
 -2789660
 -4389617
 -5802897
 -6946145
 -7788874
 -8269469
 -8379727
 -8111587
 -7475472
 -6500778
 -5241701
 -3725567
 -2063221
  -295902
  1472152
  3174482
  4745702
  6101979
  7175227
  7932329
  8330159
  8350698
  7993015
  7273311
  6232802
  4903594
  3352291
  1649155
  -115808
 -1875601
 -3563310
 -5079395
 -6385428
 -7392017
 -8060250
 -8368630
 -8299692
 -7853966
 -7052516
 -5931642
 -4542111
 -2946857
 -1243592
   527239
  2286914
  3954362
  5420517
  6652518
  7583212
  8167520
  8387187
  8227423
  7694795
  6813652
  5623904
  4190589
  2557932
   809420
  -950186
 -2692368
 -4312606
 -5728124
 -6895244
 -7750063
 -8253865
 -8383388
 -8130920
 -7515910
 -6565349
 -5301757
 -3806055
 -2150409
  -385903
  1370698
  3090924
  4671155
  6030882
  7128151
  7902570
  8319064
  8358770
  8019889
  7317769
  6284212
  4976393
  3434666
  1737376
   -25736
 -1800269
 -3481561
 -5017736
 -6318189
 -7342795
 -8034830
 -8361935
 -8312294
 -7885155
 -7100881
 -6003985
 -4617576
 -3043016
 -1319893
   450162
  2200120
  3863279
  5341546
  6589309
  7538628
  8146506
  8385045
  8244522
  7725214
  6865800
  5690413
  4257294
  2643569
   899027
  -873436
 -2619132
 -4246201
 -5671477
 -6843547
 -7715147
 -8237310
 -8386082
 -8152606
 -7549881
 -6613129
 -5371255
 -3886105
 -2237349
  -475859
  1294471
  3007009
  4596068
  5976962
  7087145
  7871899
  8307010
  8365879
  8045838
  7355205
  6343516
  5038336
  3504959
  1812835
    51472
 -1712190
 -3399411
 -4945263
 -6267134
 -7305153
 -8008485
 -8356562
 -8322332
 -7911166
 -7148427
 -6057650
 -4703170
 -3126779
 -1408769
   360192
  2113072
  3794583
  5281788
  6541250
  7504444
  8127746
  8382440
  8258421
  7764754
  6917156
  5765619
  4334661
  2716729
   975751
  -783801
 -2533410
 -4157103
 -5604782
 -6798608
 -7679340
 -8219805
 -8387809
 -8176238
 -7594180
 -6668164
 -5440133
 -3977041
 -2324031
  -565761
  1192665
  2922748
  4520452
  5913416
  7038547
  7844888
  8293999
  8371204
  8067342
  7404149
  6402088
  5110063
  3586592
  1900676
   141541
 -1611287
 -3328683
 -4882690
 -6206900
 -7260455
 -7985167
 -8348215
 -8333153
 -7940664
 -7188525
 -6110802
 -4766902
 -3198289
 -1497482
   270180
  2038265
  3702491
  5211506
  6476311
  7457878
  8101662
  8379125
  8275864
  7798393
  6967715
  5821455
  4411527
  2813918
  1077920
  -694076
 -2447395
 -4078627
 -5537440
 -6745451
 -7647945
 -8201352
 -8388519
 -8193154
 -7626654
 -6714726
 -5498673
 -4044851
 -2398117
  -655597
  1116193
  2838149
  4444315
  5849188
  6989138
  7812535
  8280031
  8376521
  8091566
  7440126
  6451706
  5181201
  3679380
  2000797
   231594
 -1522798
 -3233943
 -4809165
 -6145949
 -7214919
 -7957109
 -8337496
 -8343012
 -7973255
 -7241042
 -6180865
 -4840744
 -3281375
 -1586023
   193002
  1950773
  3621451
  5140624
  6426965
  7422216
  8077837
  8373601
  8288129
  7831133
  7017471
  5885972
  4487885
  2898611
  1167185
  -604270
 -2348749
 -3999682
 -5469461
 -6691516
 -7605076
 -8181954
 -8388253
 -8212012
 -7668947
 -6775922
 -5576000
 -4123529
 -2484294
  -732540
  1026855
  2765376
  4378646
  5784285
  6938923
  7779281
  8267298
  8380309
  8114857
  7481302
  6508903
  5241701
  3748608
  2075691
   321620
 -1446809
 -3150645
 -4735086
 -6093142
 -7168552
 -7928134
 -8328633
 -8350698
 -7996911
 -7286099
 -6241407
 -4914029
 -3364083
 -1674381
    90074
  1863056
  3539995
  5079395
  6377076
  7379816
  8056675
  8368630
  8299692
  7862970
  7066417
  5949812
  4563726
  2982969
  1256316
  -514396
 -2274530
 -3920275
 -5400850
 -6636809
 -7572173
 -8164576
 -8387187
 -8229924
 -7699910
 -6828632
 -5642973
 -4201731
 -2582430
  -835032
   937399
  2680177
  4290512
  5718716
  6895244
  7745130
  8251558
  8384256
  8134076
  7521616
  6573351
  5321677
  3828972
  2175274
   411609
 -1358001
 -3066984
 -4649756
 -6030882
 -7121358
 -7898244
 -8315718
 -8359845
 -8023653
 -7330317
 -6301230
 -4986746
 -3446402
 -1762546
        0
  1787699
  3469850
  5007418
  6318189
  7336565
  8031123
  8360900
  8314016
  7889537
  7107723
  6012965
  4639040
  3055003
  1332599
  -424461
 -2200120
 -3851852
 -5331617
 -6581338
 -7532975
 -8143427
 -8385045
 -8244522
 -7735208
 -6880554
 -5709295
 -4279449
 -2655778
  -924611
   860637
  2594670
  4223986
  5661989
  6843547
  7710086
  8232405
  8386674
  8158629
  7566626
  6621038
  5381133
  3908894
  2249748
   501551
 -1269037
 -2994993
 -4585298
 -5958876
 -7073343
 -7867444
 -8303390
 -8366815
 -8049469
 -7367545
 -6351928
 -5048619
 -3528325
 -1837954
   -64339
  1686988
  3387643
  4924452
  6249998
  7292468
  8004645
  8354275
  8325522
  7919687
  7155152
  6075425
  4713820
  3138716
  1434132
  -334478
 -2100617
 -3771613
 -5261770
 -6525107
 -7492909
 -8121339
 -8381414
 -8262898
 -7769615
 -6931683
 -5774959
 -4356674
 -2728901
 -1001308
   770988
  2521139
  4145921
  5595201
  6791062
  7679340
  8217227
  8388124
  8179105
  7599637
  6683748
  5459698
  3988366
  2336392
   578599
 -1192665
 -2922748
 -4509607
 -5904282
 -7031538
 -7835736
 -8290105
 -8372822
 -8074358
 -7410189
 -6410396
 -5120262
 -3598220
 -1925734
  -154407
  1611287
  3316868
  4861740
  6189558
  7247530
  7977245
  8345653
  8336068
  7948924
  7201756
  6128405
  4788056
  3210181
  1510142
  -257319
 -2025781
 -3690939
 -5201417
 -6476311
 -7457878
 -8098316
 -8377862
 -8275864
 -7803125
 -6974873
 -5839957
 -4433396
 -2826037
 -1090680
   668425
  2422768
  4067378
  5527768
  6737793
  7642649
  8198639
  8388598
  8198639
  7637335
  6730120
  5518082
  4067378
  2422768
   668425
 -1090680
 -2826037
 -4433396
 -5839957
 -6982013
 -7803125
 -8277957
 -8377201
 -8094950
 -7446061
 -6468124
 -5191315
 -3690939
 -2013291
  -244457
  1510142
  3222066
  4788056
  6137184
  7208346
  7953026
  8336068
  8345653
  7977245
  7247530
  6198236
  4851248
  3293214
  1586023
  -167272
 -1938256
 -3621451
 -5130449
 -6418688
 -7410189
 -8074358
 -8372822
 -8292062
 -7835736
 -7017471
 -5895134
 -4498752
 -2898611
 -1167185
   591435
  2336392
  3988366
  5459698
  6675964
  7599637
  8179105
  8388124
  8217227
  7668947
  6775922
  5585607
  4134730
  2496582
   745358
 -1014083
 -2753224
 -4367665
 -5774959
 -6924428
 -7769615
 -8262898
 -8381414
 -8118108
 -7487114
 -6525107
 -5261770
 -3760115
 -2088156
  -334478
  1434132
  3150645
  4713820
  6066545
  7155152
  7923920
  8327087
  8353102
  8000787
  7286099
  6249998
  4924452
  3375867
  1674381
   -77207
 -1850508
 -3528325
 -5058889
 -6351928
 -7367545
 -8049469
 -8366815
 -8303390
 -7862970
 -7073343
 -5958876
 -4585298
 -2994993
 -1269037
   501551
  2249748
  3920275
  5390998
  6628932
  7566626
  8158629
  8386674
  8232405
  7710086
  6836098
  5652487
  4223986
  2594670
   847835
  -924611
 -2667981
 -4290512
 -5709295
 -6880554
 -7735208
 -8246887
 -8384660
 -8140329
 -7532975
 -6581338
 -5331617
 -3840416
 -2175274
  -424461
  1345302
  3055003
  4639040
  6012965
  7107723
  7889537
  8314016
  8360900
  8027397
  7336565
  6309717
  4997088
  3458130
  1762546
        0
 -1762546
 -3446402
 -4986746
 -6301230
 -7330317
 -8027397
 -8359845
 -8315718
 -7893900
 -7121358
 -6021930
 -4649756
 -3066984
 -1345302
   411609
  2175274
  3840416
  5331617
  6573351
  7527304
  8137212
  8384256
  8251558
  7745130
  6880554
  5718716
  4301564
  2667981
   937399
  -835032
 -2582430
 -4201731
 -5652487
 -6828632
 -7705007
 -8229924
 -8386940
 -8161612
 -7566626
 -6628932
 -5400850
 -3931647
 -2274530
  -514396
  1256316
  2970939
  4574518
  5958876
  7059475
  7862970
  8303390
  8367733
  8053082
  7373689
  6368708
  5069148
  3539995
  1850508
    77207
 -1674381
 -3375867
 -4924452
 -6249998
 -7286099
 -7996911
 -8351910
 -8327087
 -7928134
 -7168552
 -6084291
 -4724459
 -3150645
 -1434132
   321620
  2088156
  3748608
  5251742
  6517013
  7487114
  8118108
  8381414
  8262898
  7774457
  6938923
  5784285
  4367665
  2765376
  1026855
  -745358
 -2496582
 -4123529
 -5576000
 -6775922
 -7668947
 -8212012
 -8388253
 -8181954
 -7605076
 -6683748
 -5459698
 -3999682
 -2361099
  -604270
  1167185
  2898611
  4498752
  5885972
  7024513
  7831133
  8288129
  8373601
  8077837
  7422216
  6418688
  5130449
  3621451
  1938256
   167272
 -1598657
 -3281375
 -4840744
 -6180865
 -7241042
 -7973255
 -8344342
 -8337496
 -7953026
 -7208346
 -6137184
 -4798616
 -3233943
 -1522798
   244457
  2000797
  3679380
  5181201
  6468124
  7446061
  8094950
  8377201
  8277957
  7807839
  6982013
  5839957
  4444315
  2838149
  1103438
  -668425
 -2422768
 -4056119
 -5508384
 -6722431
 -7632003
 -8193154
 -8388569
 -8201352
 -7642649
 -6745451
 -5527768
 -4067378
 -2435084
  -694076
  1077920
  2813918
  4411527
  5821455
  6967715
  7793642
  8275864
  8378504
  8101662
  7457878
  6476311
  5211506
  3702491
  2038265
   257319
 -1510142
 -3210181
 -4777484
 -6128405
 -7195149
 -7944803
 -8334620
 -8345653
 -7977245
 -7260455
 -6206900
 -4872221
 -3316868
 -1611287
   154407
  1913207
  3598220
  5110063
  6402088
  7404149
  8070859
  8371204
  8292062
  7835736
  7031538
  5904282
  4509607
  2922748
  1192665
  -578599
 -2336392
 -3977041
 -5449922
 -6668164
 -7594180
 -8176238
 -8387976
 -8219805
 -7679340
 -6791062
 -5595201
 -4157103
 -2521139
  -770988
   988531
  2728901
  4334661
  5756265
  6917156
  7764754
  8258421
  8382440
  8121339
  7498685
  6533186
  5271785
  3783103
  2113072
   347336
 -1421452
 -3126779
 -4703170
 -6066545
 -7155152
 -7915436
 -8323937
 -8355429
 -8008485
 -7298819
 -6258573
 -4945263
 -3399411
 -1699591
    64339
  1825397
  3516646
  5038336
  6343516
  7367545
  8045838
  8365879
  8305210
  7871899
  7080253
  5976962
  4585298
  3007009
  1281756
  -475859
 -2237349
 -3897504
 -5381133
 -6621038
 -7561062
 -8155627
 -8386387
 -8234867
 -7715147
 -6843547
 -5671477
 -4223986
 -2606904
  -860637
   899027
  2643569
  4268377
  5699860
  6873185
  7730220
  8244522
  8385045
  8146506
  7538628
  6597264
  5341546
  3851852
  2200120
   437312
 -1319893
 -3055003
 -4628314
 -6003985
 -7107723
 -7885155
 -8312294
 -8361935
 -8034830
 -7342795
 -6326646
 -5017736
 -3481561
 -1787699
   -25736
  1737376
  3434666
  4976393
  6284212
  7317769
  8023653
  8358770
  8317401
  7898244
  7128151
  6030882
  4660461
  3090924
  1370698
  -398757
 -2150409
 -3817518
 -5311723
 -6565349
 -7515910
 -8134076
 -8383832
 -8251558
 -7745130
 -6895244
 -5728124
 -4301564
 -2680177
  -950186
   822227
  2557932
  4190589
  5633445
  6821150
  7694795
  8227423
  8387414
  8167520
  7572173
  6644672
  5410690
  3931647
  2274530
   527239
 -1230864
 -2958902
 -4552924
 -5940734
 -7052516
 -7853966
 -8299692
 -8369508
 -8056675
 -7379816
 -6377076
 -5079395
 -3563310
 -1875601
  -102941
  1661770
  3352291
  4903594
  6232802
  7279714
  7996911
  8350698
  8328633
  7928134
  7175227
  6093142
  4745702
  3174482
  1446809
  -308761
 -2063221
 -3737091
 -5251742
 -6508903
 -7481302
 -8111587
 -8380309
 -8267298
 -7779281
 -6946145
 -5793598
 -4378646
 -2765376
 -1039625
   732540
  2484294
  4123529
  5566380
  6760718
  7658482
  8209376
  8388361
  8184783
  7610497
  6691516
  5479211
  4010988
  2373444
   617104
 -1154441
 -2874446
 -4477008
 -5876797
 -7010412
 -7821871
 -8286134
 -8374360
 -8084740
 -7428203
 -6435228
 -5150786
 -3633054
 -1963286
  -193002
  1560744
  3281375
  4830229
  6172158
  7234536
  7969247
  8341663
  8340293
  7961174
  7221475
  6154700
  4809165
  3245813
  1535450
  -218731
 -1988298
 -3667811
 -5171075
 -6451706
 -7434173
 -8088162
 -8375820
 -8284119
 -7812535
 -6996246
 -5849188
 -4455223
 -2850255
 -1116193
   642768
  2385783
  4033573
  5498673
  6714726
  7621286
  8190383
  8388519
  8204046
  7653222
  6753092
  5547100
  4089867
  2447395
   706899
 -1065158
 -2801792
 -4400577
 -5812183
 -6960542
 -7788874
 -8273752
 -8378504
 -8104989
 -7463760
 -6492637
 -5221584
 -3714033
 -2038265
  -270180
  1484819
  3198289
  4756308
  6110802
  7188525
  7936506
  8331666
  8348215
  7989101
  7266891
  6215549
  4882690
  3328683
  1636536
  -128675
 -1900676
 -3586592
 -5099852
 -6393766
 -7398092
 -8067342
 -8370366
 -8295916
 -7844888
 -7038547
 -5913416
 -4531287
 -2946857
 -1218134
   552921
  2299292
  3965706
  5440133
  6668164
  7588705
  8173351
  8387621
  8222364
  7689661
  6798608
  5604782
  4168275
  2545674
   796612
  -975751
 -2716729
 -4334661
 -5746898
 -6909868
 -7759875
 -8256153
 -8382924
 -8127746
 -7510186
 -6541250
 -5291779
 -3806055
 -2137968
  -373048
  1396082
  3102883
  4681838
  6048742
  7141685
  7906877
  8320708
  8356562
  8016106
  7311470
  6275680
  4955652
  3411171
  1712190
   -38604
 -1812835
 -3504959
 -5038336
 -6343516
 -7355205
 -8042188
 -8364922
 -8307010
 -7876337
 -7087145
 -5985984
 -4606828
 -3019018
 -1294471
   463011
  2224944
  3886105
  5361364
  6613129
  7549881
  8149565
  8385756
  8239733
  7720189
  6850981
  5671477
  4246201
  2631353
   886233
  -886233
 -2631353
 -4257294
 -5690413
 -6858399
 -7725214
 -8239733
 -8385410
 -8149565
 -7544263
 -6597264
 -5351461
 -3874696
 -2224944
  -463011
  1307183
  3031021
  4617576
  5985984
  7094021
  7880755
  8308791
  8363946
  8038518
  7349009
  6326646
  5017736
  3493264
  1800269
    38604
 -1724785
 -3422923
 -4955652
 -6275680
 -7311470
 -8012305
 -8356562
 -8320708
 -7906877
 -7141685
 -6039819
 -4681838
 -3102883
 -1383392
   373048
  2137968
  3794583
  5291779
  6549299
  7510186
  8130920
  8382924
  8256153
  7754978
  6902564
  5746898
  4323639
  2716729
   962970
  -809420
 -2545674
 -4179437
 -5623904
 -6813652
 -7689661
 -8224903
 -8387414
 -8167520
 -7583212
 -6652518
 -5430332
 -3954362
 -2299292
  -552921
  1218134
  2946857
  4542111
  5931642
  7045540
  7849436
  8297814
  8370366
  8063805
  7398092
  6393766
  5099852
  3574955
  1888141
   115808
 -1649155
 -3340491
 -4893148
 -6224183
 -7266891
 -7989101
 -8348215
 -8331666
 -7932329
 -7181884
 -6101979
 -4745702
 -3186389
 -1472152
   283041
  2050745
  3725567
  5221584
  6492637
  7469625
  8108297
  8379727
  8269469
  7784086
  6953352
  5802897
  4400577
  2789660
  1052393
  -719720
 -2459701
 -4101097
 -5556746
 -6760718
 -7653222
 -8206721
 -8388519
 -8190383
 -7621286
 -6707005
 -5498673
 -4033573
 -2385783
  -629937
  1141694
  2874446
  4455223
  5858405
  6996246
  7817212
  8284119
  8375100
  8084740
  7428203
  6443475
  5160937
  3644649
  1975795
   205867
 -1560744
 -3269529
 -4819703
 -6163436
 -7221475
 -7961174
 -8338904
 -8341663
 -7965220
 -7228014
 -6172158
 -4830229
 -3269529
 -1573385
   205867
  1975795
  3644649
  5160937
  6443475
  7428203
  8084740
  8375100
  8284119
  7817212
  7003337
  5867608
  4466121
  2874446
  1141694
  -617104
 -2373444
 -4022285
 -5479211
 -6699268
 -7621286
 -8187592
 -8388450
 -8206721
 -7653222
 -6760718
 -5556746
 -4101097
 -2459701
  -719720
  1052393
  2789660
  4389617
  5802897
  6953352
  7788874
  8269469
  8379727
  8111587
  7475472
  6500778
  5231649
  3725567
  2063221
   295902
 -1472152
 -3174482
 -4745702
 -6093142
 -7175227
 -7932329
 -8330159
 -8350698
 -7993015
 -7273311
 -6224183
 -4903594
 -3352291
 -1649155
   115808
  1888141
  3574955
  5099852
  6385428
  7392017
  8063805
  8369508
  8299692
  7853966
  7052516
  5931642
  4552924
  2958902
  1230864
  -540081
 -2286914
 -3943009
 -5420517
 -6644672
 -7577701
 -8167520
 -8387414
 -8227423
 -7694795
 -6813652
 -5623904
 -4179437
 -2557932
  -809420
   950186
  2692368
  4312606
  5728124
  6895244
  7754978
  8256153
  8383388
  8130920
  7510186
  6549299
  5301757
  3806055
  2150409
   385903
 -1383392
 -3102883
 -4671155
 -6039819
 -7134926
 -7906877
 -8319064
 -8358770
 -8019889
 -7317769
 -6284212
 -4976393
 -3422923
 -1724785
    25736
  1800269
  3481561
  5017736
  6326646
  7342795
  8034830
  8362950
  8310552
  7880755
  7094021
  5994992
  4617576
  3043016
  1319893
  -450162
 -2200120
 -3874696
 -5351461
 -6597264
 -7544263
 -8149565
 -8385756
 -8242137
 -7725214
 -6865800
 -5690413
 -4257294
 -2643569
  -886233
   873436
  2619132
  4246201
  5671477
  6850981
  7720189
  8237310
  8386082
  8155627
  7549881
  6613129
  5371255
  3886105
  2237349
   475859
 -1294471
 -3019018
 -4596068
 -5976962
 -7087145
 -7871899
 -8307010
 -8364922
 -8042188
 -7361383
 -6343516
 -5048619
 -3516646
 -1825397
   -51472
  1712190
  3411171
  4955652
  6275680
  7305153
  8012305
  8356562
  8322332
  7911166
  7141685
  6057650
  4692509
  3114834
  1408769
  -360192
 -2125523
 -3794583
 -5291779
 -6541250
 -7504444
 -8127746
 -8382924
 -8258421
 -7759875
 -6917156
 -5756265
 -4345672
 -2716729
  -975751
   796612
  2533410
  4168275
  5614349
  6798608
  7684510
  8219805
  8387809
  8173351
  7594180
  6660349
  5440133
  3965706
  2311664
   552921
 -1205401
 -2934806
 -4520452
 -5913416
 -7038547
 -7844888
 -8295916
 -8370366
 -8067342
 -7404149
 -6402088
 -5110063
 -3586592
 -1900676
  -128675
  1623914
  3328683
  4872221
  6206900
  7260455
  7981215
  8346943
  8333153
  7944803
  7195149
  6119611
  4766902
  3198289
  1497482
  -270180
 -2025781
 -3702491
 -5211506
 -6484482
 -7457878
 -8104989
 -8379125
 -8273752
 -7798393
 -6967715
 -5821455
 -4411527
 -2813918
 -1077920
   694076
  2447395
  4089867
  5547100
  6745451
  7647945
  8201352
  8388569
  8193154
  7632003
  6722431
  5508384
  4044851
  2398117
   642768
 -1116193
 -2850255
 -4444315
 -5849188
 -6989138
 -7812535
 -8282085
 -8375820
 -8091566
 -7440126
 -6459923
 -5181201
 -3667811
 -1988298
  -218731
  1548099
  3245813
  4809165
  6154700
  7214919
  7953026
  8337496
  8343012
  7969247
  7234536
  6172158
  4830229
  3281375
  1573385
  -180138
 -1950773
 -3633054
 -5150786
 -6435228
 -7422216
 -8077837
 -8373601
 -8288129
 -7831133
 -7017471
 -5885972
 -4487885
 -2886532
 -1167185
   604270
  2361099
  4010988
  5479211
  6699268
  7610497
  8181954
  8388253
  8212012
  7663724
  6768328
  5566380
  4123529
  2484294
   732540
 -1039625
 -2765376
 -4378646
 -5784285
 -6938923
 -7779281
 -8265108
 -8380871
 -8114857
 -7481302
 -6508903
 -5241701
 -3748608
 -2088156
  -321620
  1459483
  3162567
  4735086
  6093142
  7175227
  7928134
  8328633
  8351910
  7996911
  7279714
  6232802
  4903594
  3364083
  1661770
   -90074
 -1863056
 -3551657
 -5079395
 -6377076
 -7385925
 -8056675
 -8367733
 -8301551
 -7858477
 -7066417
 -5940734
 -4563726
 -2970939
 -1256316
   514396
  2274530
  3931647
  5410690
  6644672
  7577701
  8164576
  8387187
  8229924
  7699910
  6821150
  5633445
  4190589
  2570184
   822227
  -950186
 -2680177
 -4301564
 -5728124
 -6887907
 -7745130
 -8249232
 -8384256
 -8137212
 -7521616
 -6565349
 -5321677
 -3817518
 -2162844
  -411609
  1358001
  3078958
  4649756
  6021930
  7128151
  7902570
  8317401
  8358770
  8019889
  7324052
  6301230
  4986746
  3446402
  1749963
        0
 -1775124
 -3469850
 -5007418
 -6318189
 -7342795
 -8031123
 -8361935
 -8314016
 -7885155
 -7107723
 -6003985
 -4628314
 -3043016
 -1332599
   437312
  2200120
  3851852
  5341546
  6589309
  7532975
  8143427
  8385045
  8246887
  7735208
  6873185
  5709295
  4279449
  2655778
   911820
  -847835
 -2606904
 -4235099
 -5661989
 -6843547
 -7715147
 -8234867
 -8386387
 -8155627
 -7555480
 -6621038
 -5381133
 -3908894
 -2249748
  -488706
  1281756
  2994993
  4585298
  5958876
  7073343
  7867444
  8303390
  8366815
  8049469
  7367545
  6351928
  5058889
  3528325
  1837954
    64339
 -1699591
 -3399411
 -4934863
 -6258573
 -7292468
 -8004645
 -8354275
 -8325522
 -7919687
 -7155152
 -6066545
 -4703170
 -3126779
 -1421452
   347336
  2113072
  3771613
  5261770
  6525107
  7492909
  8121339
  8381937
  8262898
  7769615
  6924428
  5765619
  4345672
  2728901
  1001308
  -770988
 -2508863
 -4145921
 -5595201
 -6791062
 -7674153
 -8217227
 -8387976
 -8176238
 -7594180
 -6675964
 -5449922
 -3977041
 -2336392
  -578599
  1192665
  2910683
  4509607
  5895134
  7024513
  7835736
  8292062
  8372822
  8070859
  7404149
  6410396
  5120262
  3609840
  1913207
   154407
 -1611287
 -3316868
 -4872221
 -6198236
 -7254001
 -7977245
 -8345653
 -8334620
 -7948924
 -7195149
 -6128405
 -4777484
 -3222066
 -1510142
   257319
  2013291
  3702491
  5201417
  6476311
  7457878
  8098316
  8377862
  8275864
  7798393
  6967715
  5839957
  4433396
  2826037
  1090680
  -681251
 -2422768
 -4067378
 -5527768
 -6737793
 -7642649
 -8198639
 -8388598
 -8195906
 -7632003
 -6722431
 -5518082
 -4056119
 -2410445
  -668425
  1103438
  2838149
  4444315
  5839957
  6982013
  7807839
  8277957
  8377201
  8094950
  7446061
  6468124
  5191315
  3679380
  2013291
   231594
 -1522798
 -3233943
 -4788056
 -6137184
 -7201756
 -7948924
 -8337496
 -8344342
 -7977245
 -7241042
 -6189558
 -4851248
 -3293214
 -1598657
   180138
  1925734
  3609840
  5130449
  6418688
  7416211
  8074358
  8372822
  8290105
  7831133
  7024513
  5895134
  4498752
  2898611
  1167185
  -591435
 -2348749
 -3999682
 -5469461
 -6683748
 -7605076
 -8181954
 -8388253
 -8214629
 -7668947
 -6775922
 -5576000
 -4145921
 -2508863
  -758174
  1014083
  2741065
  4367665
  5774959
  6931683
  7769615
  8262898
  8381414
  8121339
  7492909
  6525107
  5261770
  3771613
  2100617
   321620
 -1434132
 -3150645
 -4713820
 -6075425
 -7161860
 -7919687
 -8325522
 -8353102
 -8004645
 -7292468
 -6249998
 -4924452
 -3387643
 -1686988
    90074
  1850508
  3539995
  5069148
  6360326
  7373689
  8049469
  8366815
  8303390
  7862970
  7073343
  5958876
  4574518
  2982969
  1256316
  -514396
 -2262142
 -3920275
 -5400850
 -6636809
 -7566626
 -8161612
 -8386674
 -8232405
 -7705007
 -6828632
 -5642973
 -4212864
 -2594670
  -847835
   924611
  2667981
  4279449
  5709295
  6880554
  7735208
  8246887
  8384660
  8143427
  7532975
  6581338
  5331617
  3851852
  2187700
   411609
 -1345302
 -3055003
 -4649756
 -6021930
 -7114549
 -7893900
 -8315718
 -8359845
 -8027397
 -7330317
 -6301230
 -4997088
 -3458130
 -1775124
        0
  1762546
  3458130
  4986746
  6301230
  7330317
  8027397
  8360900
  8314016
  7893900
  7114549
  6012965
  4649756
  3066984
  1358001
  -411609
 -2175274
 -3828972
 -5321677
 -6573351
 -7527304
 -8137212
 -8384256
 -8249232
 -7745130
 -6887907
 -5718716
 -4290512
 -2680177
  -924611
   847835
  2582430
  4201731
  5642973
  6828632
  7705007
  8229924
  8386940
  8161612
  7566626
  6628932
  5400850
  3920275
  2262142
   514396
 -1256316
 -2970939
 -4563726
 -5949812
 -7066417
 -7862970
 -8303390
 -8366815
 -8053082
 -7379816
 -6368708
 -5069148
 -3539995
 -1863056
   -77207
  1686988
  3375867
  4924452
  6241407
  7286099
  8000787
  8353102
  8327087
  7923920
  7168552
  6084291
  4724459
  3150645
  1446809
  -321620
 -2088156
 -3748608
 -5261770
 -6517013
 -7487114
 -8114857
 -8380871
 -8265108
 -7774457
 -6938923
 -5774959
 -4367665
 -2753224
 -1014083
   758174
  2508863
  4134730
  5585607
  6775922
  7668947
  8214629
  8388124
  8179105
  7605076
  6683748
  5459698
  3988366
  2348749
   604270
 -1167185
 -2898611
 -4498752
 -5885972
 -7017471
 -7831133
 -8290105
 -8373601
 -8077837
 -7416211
 -6418688
 -5130449
 -3621451
 -1938256
  -180138
  1586023
  3293214
  4840744
  6180865
  7241042
  7973255
  8343012
  8336068
  7948924
  7208346
  6137184
  4788056
  3233943
  1522798
  -244457
 -2013291
 -3679380
 -5191315
 -6459923
 -7446061
 -8094950
 -8377201
 -8280031
 -7807839
 -6982013
 -5839957
 -4433396
 -2838149
 -1103438
   668425
  2410445
  4056119
  5518082
  6730120
  7637335
  8195906
  8388598
  8198639
  7642649
  6745451
  5537440
  4067378
  2435084
   694076
 -1077920
 -2813918
 -4422467
 -5830713
 -6967715
 -7798393
 -8275864
 -8378504
 -8101662
 -7457878
 -6476311
 -5201417
 -3690939
 -2025781
  -257319
  1510142
  3222066
  4777484
  6119611
  7195149
  7944803
  8333153
  8346943
  7981215
  7254001
  6198236
  4872221
  3316868
  1611287
  -141541
 -1925734
 -3609840
 -5120262
 -6410396
 -7410189
 -8070859
 -8372023
 -8293999
 -7840321
 -7031538
 -5904282
 -4520452
 -2922748
 -1192665
   578599
  2336392
  3977041
  5449922
  6675964
  7594180
  8176238
  8387809
  8219805
  7679340
  6791062
  5604782
  4157103
  2521139
   770988
 -1001308
 -2741065
 -4345672
 -5765619
 -6924428
 -7769615
 -8260669
 -8381937
 -8124552
 -7498685
 -6533186
 -5271785
 -3771613
 -2113072
  -360192
  1408769
  3138716
  4703170
  6066545
  7155152
  7919687
  8323937
  8355429
  8008485
  7298819
  6267134
  4945263
  3399411
  1699591
   -64339
 -1825397
 -3516646
 -5048619
 -6351928
 -7361383
 -8049469
 -8365879
 -8305210
 -7867444
 -7073343
 -5967926
 -4585298
 -2994993
 -1281756
   475859
  2237349
  3897504
  5381133
  6621038
  7555480
  8158629
  8386387
  8237310
  7710086
  6843547
  5661989
  4223986
  2606904
   847835
  -911820
 -2643569
 -4279449
 -5699860
 -6873185
 -7735208
 -8244522
 -8385045
 -8143427
 -7538628
 -6589309
 -5341546
 -3851852
 -2187700
  -437312
  1319893
  3043016
  4628314
  6003985
  7107723
  7889537
  8314016
  8361935
  8034830
  7342795
  6318189
  5017736
  3469850
  1787699
    12868
 -1737376
 -3434666
 -4976393
 -6284212
 -7317769
 -8019889
 -8359845
 -8319064
 -7902570
 -7128151
 -6030882
 -4660461
 -3078958
 -1358001
   398757
  2162844
  3817518
  5311723
  6565349
  7521616
  8134076
  8383832
  8251558
  7750063
  6895244
  5718716
  4301564
  2692368
   950186
  -822227
 -2570184
 -4201731
 -5633445
 -6813652
 -7699910
 -8229924
 -8387187
 -8167520
 -7577701
 -6644672
 -5410690
 -3931647
 -2274530
  -514396
  1243592
  2970939
  4563726
  5940734
  7052516
  7853966
  8301551
  8368630
  8056675
  7379816
  6377076
  5079395
  3563310
  1875601
   102941
 -1649155
 -3352291
 -4903594
 -6232802
 -7279714
 -7996911
 -8350698
 -8328633
 -7932329
 -7175227
 -6093142
 -4735086
 -3174482
 -1459483
   308761
  2063221
  3737091
  5241701
  6508903
  7481302
  8114857
  8380871
  8267298
  7779281
  6946145
  5793598
  4378646
  2765376
  1026855
  -745358
 -2472000
 -4112318
 -5566380
 -6768328
 -7663724
 -8209376
 -8388361
 -8184783
 -7610497
 -6691516
 -5469461
 -4010988
 -2361099
  -604270
  1154441
  2874446
  4477008
  5876797
  7010412
  7826511
  8286134
  8374360
  8081298
  7428203
  6435228
  5150786
  3633054
  1963286
   193002
 -1573385
 -3269529
 -4830229
 -6172158
 -7234536
 -7969247
 -8341663
 -8337496
 -7957109
 -7214919
 -6154700
 -4809165
 -3245813
 -1535450
   218731
  1988298
  3667811
  5181201
  6451706
  7440126
  8091566
  8376521
  8282085
  7812535
  6989138
  5858405
  4455223
  2850255
  1116193
  -655597
 -2398117
 -4033573
 -5498673
 -6722431
 -7626654
 -8193154
 -8388569
 -8204046
 -7647945
 -6745451
 -5547100
 -4089867
 -2459701
  -706899
  1065158
  2801792
  4411527
  5812183
  6967715
  7793642
  8273752
  8379125
  8104989
  7469625
  6492637
  5221584
  3714033
  2038265
   270180
 -1497482
 -3198289
 -4766902
 -6119611
 -7188525
 -7940664
 -8333153
 -8348215
 -7985167
 -7260455
 -6215549
 -4882690
 -3340491
 -1636536
   128675
  1900676
  3574955
  5099852
  6393766
  7398092
  8067342
  8370366
  8295916
  7844888
  7045540
  5922536
  4531287
  2934806
  1205401
  -565761
 -2324031
 -3965706
 -5440133
 -6668164
 -7588705
 -8173351
 -8387621
 -8222364
 -7684510
 -6806138
 -5614349
 -4168275
 -2533410
  -796612
   988531
  2716729
  4334661
  5756265
  6917156
  7759875
  8256153
  8382924
  8127746
  7504444
  6541250
  5291779
  3794583
  2137968
   373048
 -1396082
 -3114834
 -4692509
 -6057650
 -7148427
 -7911166
 -8322332
 -8355429
 -8012305
 -7305153
 -6267134
 -4955652
 -3411171
 -1712190
    51472
  1812835
  3504959
  5038336
  6343516
  7361383
  8042188
  8364922
  8307010
  7876337
  7087145
  5976962
  4606828
  3019018
  1294471
  -475859
 -2237349
 -3886105
 -5361364
 -6613129
 -7549881
 -8152606
 -8386082
 -8237310
 -7720189
 -6858399
 -5680951
 -4246201
 -2619132
  -873436
   899027
  2631353
  4257294
  5680951
  6858399
  7725214
  8242137
  8385756
  8146506
  7544263
  6597264
  5361364
  3874696
  2212535
   463011
 -1307183
 -3031021
 -4617576
 -5994992
 -7100881
 -7885155
 -8310552
 -8362950
 -8034830
 -7349009
 -6326646
 -5028042
 -3493264
 -1800269
   -38604
  1724785
  3422923
  4955652
  6275680
  7311470
  8016106
  8357676
  8319064
  7906877
  7134926
  6048742
  4681838
  3102883
  1383392
  -373048
 -2137968
 -3806055
 -5301757
 -6549299
 -7510186
 -8130920
 -8382924
 -8256153
 -7750063
 -6902564
 -5737518
 -4312606
 -2704552
  -962970
   796612
  2545674
  4179437
  5623904
  6806138
  7694795
  8224903
  8387621
  8170445
  7583212
  6652518
  5420517
  3954362
  2286914
   540081
 -1230864
 -2946857
 -4542111
 -5922536
 -7045540
 -7853966
 -8297814
 -8369508
 -8060250
 -7392017
 -6385428
 -5089630
 -3574955
 -1888141
  -128675
  1636536
  3340491
  4893148
  6215549
  7266891
  7993015
  8349466
  8330159
  7932329
  7181884
  6101979
  4756308
  3186389
  1472152
  -295902
 -2050745
 -3725567
 -5231649
 -6500778
 -7469625
 -8108297
 -8379727
 -8271620
 -7788874
 -6953352
 -5802897
 -4389617
 -2777521
 -1052393
   719720
  2472000
  4101097
  5556746
  6760718
  7658482
  8206721
  8388450
  8187592
  7615901
  6707005
  5498673
  4033573
  2385783
   629937
 -1128945
 -2874446
 -4477008
 -5867608
 -6996246
 -7817212
 -8284119
 -8375100
 -8084740
 -7434173
 -6443475
 -5160937
 -3644649
 -1975795
  -205867
  1560744
  3269529
  4819703
  6154700
  7221475
  7961174
  8340293
  8340293
  7961174
  7228014
  6163436
  4819703
  3269529
  1548099
  -205867
 -1975795
 -3656234
 -5160937
 -6435228
 -7428203
 -8088162
 -8375100
 -8284119
 -7817212
 -6996246
 -5867608
 -4477008
 -2874446
 -1141694
   629937
  2373444
  4022285
  5488948
  6707005
  7621286
  8190383
  8388450
  8206721
  7658482
  6753092
  5566380
  4112318
  2472000
   719720
 -1052393
 -2789660
 -4400577
 -5802897
 -6953352
 -7788874
 -8269469
 -8379727
 -8108297
 -7469625
 -6500778
 -5231649
 -3725567
 -2050745
  -295902
  1472152
  3186389
  4745702
  6101979
  7175227
  7936506
  8330159
  8349466
  7993015
  7273311
  6215549
  4893148
  3340491
  1636536
  -128675
 -1888141
 -3574955
 -5099852
 -6385428
 -7392017
 -8060250
 -8369508
 -8299692
 -7849436
 -7045540
 -5922536
 -4542111
 -2946857
 -1218134
   540081
  2286914
  3943009
  5420517
  6644672
  7577701
  8167520
  8387414
  8224903
  7689661
  6806138
  5623904
  4190589
  2557932
   809420
  -962970
 -2704552
 -4323639
 -5737518
 -6902564
 -7754978
 -8256153
 -8383388
 -8130920
 -7510186
 -6549299
 -5291779
 -3806055
 -2137968
  -385903
  1383392
  3090924
  4671155
  6039819
  7128151
  7902570
  8319064
  8357676
  8019889
  7317769
  6275680
  4966028
  3422923
  1724785
   -38604
 -1800269
 -3493264
 -5028042
 -6326646
 -7349009
 -8038518
 -8362950
 -8310552
 -7880755
 -7094021
 -5994992
 -4617576
 -3043016
 -1319893
   463011
  2212535
  3874696
  5361364
  6597264
  7538628
  8146506
  8385410
  8242137
  7730220
  6858399
  5690413
  4268377
  2643569
   886233
  -873436
 -2619132
 -4235099
 -5680951
 -6850981
 -7720189
 -8239733
 -8385756
 -8152606
 -7555480
 -6613129
 -5371255
 -3886105
 -2224944
  -463011
  1294471
  3007009
  4596068
  5985984
  7087145
  7876337
  8308791
  8363946
  8042188
  7355205
  6335088
  5038336
  3504959
  1825397
    51472
 -1712190
 -3411171
 -4955652
 -6275680
 -7305153
 -8008485
 -8355429
 -8322332
 -7911166
 -7141685
 -6048742
 -4692509
 -3114834
 -1396082
   360192
  2125523
  3794583
  5281788
  6541250
  7504444
  8124552
  8382440
  8258421
  7759875
  6909868
  5746898
  4334661
  2716729
   975751
  -796612
 -2533410
 -4168275
 -5614349
 -6798608
 -7684510
 -8222364
 -8387621
 -8173351
 -7588705
 -6660349
 -5440133
 -3965706
 -2311664
  -565761
  1205401
  2934806
  4520452
  5913416
  7038547
  7844888
  8293999
  8371204
  8067342
  7398092
  6393766
  5110063
  3586592
  1900676
   128675
 -1623914
 -3328683
 -4872221
 -6206900
 -7260455
 -7981215
 -8346943
 -8331666
 -7936506
 -7188525
 -6110802
 -4766902
 -3198289
 -1497482
   283041
  2050745
  3714033
  5221584
  6484482
  7469625
  8104989
  8379125
  8271620
  7788874
  6960542
  5821455
  4411527
  2801792
  1077920
  -706899
 -2447395
 -4089867
 -5547100
 -6753092
 -7647945
 -8201352
 -8388569
 -8190383
 -7626654
 -6714726
 -5508384
 -4044851
 -2410445
  -655597
  1128945
  2862354
  4455223
  5858405
  6989138
  7812535
  8282085
  8375820
  8088162
  7440126
  6451706
  5171075
  3656234
  1988298
   231594
 -1535450
 -3245813
 -4798616
 -6154700
 -7214919
 -7957109
 -8338904
 -8341663
 -7965220
 -7234536
 -6180865
 -4840744
 -3281375
 -1573385
   193002
  1963286
  3633054
  5150786
  6426965
  7422216
  8081298
  8374360
  8288129
  7821871
  7010412
  5885972
  4477008
  2886532
  1154441
  -617104
 -2361099
 -4010988
 -5479211
 -6691516
 -7610497
 -8184783
 -8388361
 -8209376
 -7663724
 -6768328
 -5566380
 -4112318
 -2484294
  -732540
  1026855
  2765376
  4378646
  5793598
  6946145
  7779281
  8267298
  8380309
  8111587
  7481302
  6508903
  5251742
  3748608
  2075691
   308761
 -1446809
 -3162567
 -4735086
 -6093142
 -7175227
 -7928134
 -8328633
 -8350698
 -7996911
 -7279714
 -6232802
 -4903594
 -3352291
 -1661770
   102941
  1875601
  3563310
  5079395
  6368708
  7379816
  8056675
  8368630
  8299692
  7853966
  7059475
  5940734
  4552924
  2970939
  1243592
  -514396
 -2274530
 -3931647
 -5410690
 -6644672
 -7572173
 -8164576
 -8386940
 -8229924
 -7694795
 -6821150
 -5633445
 -4190589
 -2570184
  -822227
   937399
  2680177
  4301564
  5728124
  6895244
  7750063
  8251558
  8383832
  8134076
  7515910
  6565349
  5321677
  3817518
  2150409
   398757
 -1370698
 -3090924
 -4671155
 -6030882
 -7128151
 -7902570
 -8317401
 -8358770
 -8019889
 -7324052
 -6292728
 -4986746
 -3446402
 -1737376
    12868
  1787699
  3469850
  5007418
  6309717
  7336565
  8031123
  8361935
  8312294
  7885155
  7100881
  6003985
  4628314
  3043016
  1332599
  -424461
 -2200120
 -3851852
 -5341546
 -6589309
 -7532975
 -8146506
 -8385045
 -8244522
 -7735208
 -6873185
 -5699860
 -4268377
 -2643569
  -911820
   860637
  2606904
